{
 "cells": [
  {
   "cell_type": "code",
   "execution_count": 1,
   "metadata": {},
   "outputs": [],
   "source": [
    "from sbalign.training.diffusivity import *\n",
    "from torch.distributions.multivariate_normal import MultivariateNormal\n",
    "import matplotlib.pyplot as plt"
   ]
  },
  {
   "cell_type": "code",
   "execution_count": 2,
   "metadata": {},
   "outputs": [
    {
     "name": "stdout",
     "output_type": "stream",
     "text": [
      "eigenvalues for times from tensor([0.0010]) to tensor([1]): tensor([-7.4089e-04, -1.0000e+00, -2.1147e+00, -4.4721e+00, -9.4574e+00,\n",
      "        -2.0000e+01])\n",
      "Gammas are tensor([[ 1.0000,  2.1147,  4.4721,  9.4574, 20.0000]])\n",
      "Transition kernel of ktT is tensor([[[1.0227, 0.6386, 0.4197, 0.2227, 0.1060, 0.0496],\n",
      "         [0.6386, 0.4313, 0.3058, 0.1810, 0.0946, 0.0466],\n",
      "         [0.4197, 0.3058, 0.2320, 0.1506, 0.0854, 0.0442],\n",
      "         [0.2227, 0.1810, 0.1506, 0.1108, 0.0708, 0.0399],\n",
      "         [0.1060, 0.0946, 0.0854, 0.0708, 0.0519, 0.0330],\n",
      "         [0.0496, 0.0466, 0.0442, 0.0399, 0.0330, 0.0240]]])\n",
      "eigenvalues for times from 0 to tensor([1]): tensor([-7.4089e-04, -1.0000e+00, -2.1147e+00, -4.4721e+00, -9.4574e+00,\n",
      "        -2.0000e+01])\n",
      "Transition kernel of k0T is tensor([[[1.0237, 0.6396, 0.4208, 0.2237, 0.1070, 0.0506],\n",
      "         [0.6396, 0.4323, 0.3068, 0.1820, 0.0956, 0.0476],\n",
      "         [0.4208, 0.3068, 0.2330, 0.1516, 0.0864, 0.0452],\n",
      "         [0.2237, 0.1820, 0.1516, 0.1118, 0.0718, 0.0409],\n",
      "         [0.1070, 0.0956, 0.0864, 0.0718, 0.0529, 0.0339],\n",
      "         [0.0506, 0.0476, 0.0452, 0.0409, 0.0339, 0.0250]]])\n",
      "eigenvalues for times from 0 to tensor([0.0010]): tensor([-7.4089e-04, -1.0000e+00, -2.1147e+00, -4.4721e+00, -9.4574e+00,\n",
      "        -2.0000e+01])\n",
      "Transition kernel of k0t is tensor([[[0.0010, 0.0010, 0.0010, 0.0010, 0.0010, 0.0010],\n",
      "         [0.0010, 0.0010, 0.0010, 0.0010, 0.0010, 0.0010],\n",
      "         [0.0010, 0.0010, 0.0010, 0.0010, 0.0010, 0.0010],\n",
      "         [0.0010, 0.0010, 0.0010, 0.0010, 0.0010, 0.0010],\n",
      "         [0.0010, 0.0010, 0.0010, 0.0010, 0.0010, 0.0010],\n",
      "         [0.0010, 0.0010, 0.0010, 0.0010, 0.0010, 0.0010]]])\n",
      "epsilson for covariance matrix: 0.01\n",
      "Eigenvelus of covariance matrix: [[0.01548552 0.01000441 0.01000002 0.01       0.01       0.01000001]]\n",
      "cov tensor([[[0.0110, 0.0009, 0.0009, 0.0009, 0.0009, 0.0009],\n",
      "         [0.0009, 0.0109, 0.0009, 0.0009, 0.0009, 0.0009],\n",
      "         [0.0009, 0.0009, 0.0109, 0.0009, 0.0009, 0.0009],\n",
      "         [0.0009, 0.0009, 0.0009, 0.0109, 0.0009, 0.0009],\n",
      "         [0.0009, 0.0009, 0.0009, 0.0009, 0.0109, 0.0009],\n",
      "         [0.0009, 0.0009, 0.0009, 0.0009, 0.0009, 0.0109]]])\n",
      "eigenvalues for times from tensor([0.0020]) to tensor([1]): tensor([-7.4089e-04, -1.0000e+00, -2.1147e+00, -4.4721e+00, -9.4574e+00,\n",
      "        -2.0000e+01])\n",
      "Gammas are tensor([[ 1.0000,  2.1147,  4.4721,  9.4574, 20.0000]])\n",
      "Transition kernel of ktT is tensor([[[1.0216, 0.6376, 0.4187, 0.2217, 0.1050, 0.0486],\n",
      "         [0.6376, 0.4303, 0.3048, 0.1800, 0.0936, 0.0457],\n",
      "         [0.4187, 0.3048, 0.2310, 0.1496, 0.0844, 0.0433],\n",
      "         [0.2217, 0.1800, 0.1496, 0.1098, 0.0698, 0.0389],\n",
      "         [0.1050, 0.0936, 0.0844, 0.0698, 0.0509, 0.0320],\n",
      "         [0.0486, 0.0457, 0.0433, 0.0389, 0.0320, 0.0231]]])\n",
      "eigenvalues for times from 0 to tensor([1]): tensor([-7.4089e-04, -1.0000e+00, -2.1147e+00, -4.4721e+00, -9.4574e+00,\n",
      "        -2.0000e+01])\n",
      "Transition kernel of k0T is tensor([[[1.0237, 0.6396, 0.4208, 0.2237, 0.1070, 0.0506],\n",
      "         [0.6396, 0.4323, 0.3068, 0.1820, 0.0956, 0.0476],\n",
      "         [0.4208, 0.3068, 0.2330, 0.1516, 0.0864, 0.0452],\n",
      "         [0.2237, 0.1820, 0.1516, 0.1118, 0.0718, 0.0409],\n",
      "         [0.1070, 0.0956, 0.0864, 0.0718, 0.0529, 0.0339],\n",
      "         [0.0506, 0.0476, 0.0452, 0.0409, 0.0339, 0.0250]]])\n",
      "eigenvalues for times from 0 to tensor([0.0020]): tensor([-7.4089e-04, -1.0000e+00, -2.1147e+00, -4.4721e+00, -9.4574e+00,\n",
      "        -2.0000e+01])\n",
      "Transition kernel of k0t is tensor([[[0.0021, 0.0020, 0.0020, 0.0020, 0.0020, 0.0020],\n",
      "         [0.0020, 0.0020, 0.0020, 0.0020, 0.0020, 0.0020],\n",
      "         [0.0020, 0.0020, 0.0020, 0.0020, 0.0020, 0.0020],\n",
      "         [0.0020, 0.0020, 0.0020, 0.0020, 0.0020, 0.0020],\n",
      "         [0.0020, 0.0020, 0.0020, 0.0020, 0.0020, 0.0019],\n",
      "         [0.0020, 0.0020, 0.0020, 0.0020, 0.0019, 0.0019]]])\n",
      "epsilson for covariance matrix: 0.01\n",
      "Eigenvelus of covariance matrix: [[0.02001719 0.01000813 0.01000016 0.00999999 0.01000001 0.01      ]]\n",
      "cov tensor([[[0.0118, 0.0017, 0.0017, 0.0017, 0.0017, 0.0017],\n",
      "         [0.0017, 0.0117, 0.0017, 0.0017, 0.0016, 0.0016],\n",
      "         [0.0017, 0.0017, 0.0117, 0.0017, 0.0016, 0.0016],\n",
      "         [0.0017, 0.0017, 0.0017, 0.0117, 0.0017, 0.0016],\n",
      "         [0.0017, 0.0017, 0.0017, 0.0017, 0.0116, 0.0016],\n",
      "         [0.0017, 0.0016, 0.0016, 0.0016, 0.0016, 0.0116]]])\n",
      "eigenvalues for times from tensor([0.0030]) to tensor([1]): tensor([-7.4089e-04, -1.0000e+00, -2.1147e+00, -4.4721e+00, -9.4574e+00,\n",
      "        -2.0000e+01])\n",
      "Gammas are tensor([[ 1.0000,  2.1147,  4.4721,  9.4574, 20.0000]])\n",
      "Transition kernel of ktT is tensor([[[1.0206, 0.6366, 0.4177, 0.2207, 0.1040, 0.0477],\n",
      "         [0.6366, 0.4293, 0.3038, 0.1790, 0.0927, 0.0447],\n",
      "         [0.4177, 0.3038, 0.2300, 0.1486, 0.0835, 0.0423],\n",
      "         [0.2207, 0.1790, 0.1486, 0.1088, 0.0689, 0.0380],\n",
      "         [0.1040, 0.0927, 0.0835, 0.0689, 0.0500, 0.0311],\n",
      "         [0.0477, 0.0447, 0.0423, 0.0380, 0.0311, 0.0222]]])\n",
      "eigenvalues for times from 0 to tensor([1]): tensor([-7.4089e-04, -1.0000e+00, -2.1147e+00, -4.4721e+00, -9.4574e+00,\n",
      "        -2.0000e+01])\n",
      "Transition kernel of k0T is tensor([[[1.0237, 0.6396, 0.4208, 0.2237, 0.1070, 0.0506],\n",
      "         [0.6396, 0.4323, 0.3068, 0.1820, 0.0956, 0.0476],\n",
      "         [0.4208, 0.3068, 0.2330, 0.1516, 0.0864, 0.0452],\n",
      "         [0.2237, 0.1820, 0.1516, 0.1118, 0.0718, 0.0409],\n",
      "         [0.1070, 0.0956, 0.0864, 0.0718, 0.0529, 0.0339],\n",
      "         [0.0506, 0.0476, 0.0452, 0.0409, 0.0339, 0.0250]]])\n",
      "eigenvalues for times from 0 to tensor([0.0030]): tensor([-7.4089e-04, -1.0000e+00, -2.1147e+00, -4.4721e+00, -9.4574e+00,\n",
      "        -2.0000e+01])\n",
      "Transition kernel of k0t is tensor([[[0.0031, 0.0030, 0.0030, 0.0030, 0.0030, 0.0029],\n",
      "         [0.0030, 0.0030, 0.0030, 0.0030, 0.0030, 0.0029],\n",
      "         [0.0030, 0.0030, 0.0030, 0.0030, 0.0029, 0.0029],\n",
      "         [0.0030, 0.0030, 0.0030, 0.0030, 0.0029, 0.0029],\n",
      "         [0.0030, 0.0030, 0.0029, 0.0029, 0.0029, 0.0029],\n",
      "         [0.0029, 0.0029, 0.0029, 0.0029, 0.0029, 0.0028]]])\n",
      "epsilson for covariance matrix: 0.01\n",
      "Eigenvelus of covariance matrix: [[0.02371372 0.01001139 0.01000052 0.01       0.01000001 0.01      ]]\n",
      "cov tensor([[[0.0124, 0.0024, 0.0023, 0.0023, 0.0023, 0.0023],\n",
      "         [0.0024, 0.0123, 0.0023, 0.0023, 0.0023, 0.0022],\n",
      "         [0.0023, 0.0023, 0.0123, 0.0023, 0.0023, 0.0022],\n",
      "         [0.0023, 0.0023, 0.0023, 0.0123, 0.0023, 0.0022],\n",
      "         [0.0023, 0.0023, 0.0023, 0.0023, 0.0123, 0.0022],\n",
      "         [0.0023, 0.0022, 0.0022, 0.0022, 0.0022, 0.0122]]])\n",
      "eigenvalues for times from tensor([0.0040]) to tensor([1]): tensor([-7.4089e-04, -1.0000e+00, -2.1147e+00, -4.4721e+00, -9.4574e+00,\n",
      "        -2.0000e+01])\n",
      "Gammas are tensor([[ 1.0000,  2.1147,  4.4721,  9.4574, 20.0000]])\n",
      "Transition kernel of ktT is tensor([[[1.0196, 0.6356, 0.4167, 0.2197, 0.1030, 0.0467],\n",
      "         [0.6356, 0.4283, 0.3028, 0.1780, 0.0917, 0.0438],\n",
      "         [0.4167, 0.3028, 0.2290, 0.1477, 0.0825, 0.0414],\n",
      "         [0.2197, 0.1780, 0.1477, 0.1079, 0.0679, 0.0371],\n",
      "         [0.1030, 0.0917, 0.0825, 0.0679, 0.0490, 0.0302],\n",
      "         [0.0467, 0.0438, 0.0414, 0.0371, 0.0302, 0.0213]]])\n",
      "eigenvalues for times from 0 to tensor([1]): tensor([-7.4089e-04, -1.0000e+00, -2.1147e+00, -4.4721e+00, -9.4574e+00,\n",
      "        -2.0000e+01])\n",
      "Transition kernel of k0T is tensor([[[1.0237, 0.6396, 0.4208, 0.2237, 0.1070, 0.0506],\n",
      "         [0.6396, 0.4323, 0.3068, 0.1820, 0.0956, 0.0476],\n",
      "         [0.4208, 0.3068, 0.2330, 0.1516, 0.0864, 0.0452],\n",
      "         [0.2237, 0.1820, 0.1516, 0.1118, 0.0718, 0.0409],\n",
      "         [0.1070, 0.0956, 0.0864, 0.0718, 0.0529, 0.0339],\n",
      "         [0.0506, 0.0476, 0.0452, 0.0409, 0.0339, 0.0250]]])\n",
      "eigenvalues for times from 0 to tensor([0.0040]): tensor([-7.4089e-04, -1.0000e+00, -2.1147e+00, -4.4721e+00, -9.4574e+00,\n",
      "        -2.0000e+01])\n",
      "Transition kernel of k0t is tensor([[[0.0041, 0.0040, 0.0040, 0.0040, 0.0040, 0.0039],\n",
      "         [0.0040, 0.0040, 0.0040, 0.0040, 0.0039, 0.0038],\n",
      "         [0.0040, 0.0040, 0.0040, 0.0039, 0.0039, 0.0038],\n",
      "         [0.0040, 0.0040, 0.0039, 0.0039, 0.0039, 0.0038],\n",
      "         [0.0040, 0.0039, 0.0039, 0.0039, 0.0039, 0.0038],\n",
      "         [0.0039, 0.0038, 0.0038, 0.0038, 0.0038, 0.0037]]])\n",
      "epsilson for covariance matrix: 0.01\n",
      "Eigenvelus of covariance matrix: [[0.02655406 0.00998239 0.01000123 0.01       0.01       0.00999999]]\n",
      "cov tensor([[[0.0128, 0.0028, 0.0028, 0.0028, 0.0028, 0.0027],\n",
      "         [0.0029, 0.0129, 0.0029, 0.0028, 0.0028, 0.0028],\n",
      "         [0.0028, 0.0028, 0.0128, 0.0028, 0.0027, 0.0027],\n",
      "         [0.0028, 0.0028, 0.0028, 0.0128, 0.0027, 0.0027],\n",
      "         [0.0028, 0.0028, 0.0028, 0.0027, 0.0127, 0.0027],\n",
      "         [0.0027, 0.0027, 0.0027, 0.0027, 0.0027, 0.0126]]])\n",
      "eigenvalues for times from tensor([0.0050]) to tensor([1]): tensor([-7.4089e-04, -1.0000e+00, -2.1147e+00, -4.4721e+00, -9.4574e+00,\n",
      "        -2.0000e+01])\n",
      "Gammas are tensor([[ 1.0000,  2.1147,  4.4721,  9.4574, 20.0000]])\n",
      "Transition kernel of ktT is tensor([[[1.0186, 0.6346, 0.4157, 0.2187, 0.1021, 0.0458],\n",
      "         [0.6346, 0.4274, 0.3018, 0.1770, 0.0908, 0.0429],\n",
      "         [0.4157, 0.3018, 0.2280, 0.1467, 0.0816, 0.0405],\n",
      "         [0.2187, 0.1770, 0.1467, 0.1069, 0.0670, 0.0362],\n",
      "         [0.1021, 0.0908, 0.0816, 0.0670, 0.0481, 0.0293],\n",
      "         [0.0458, 0.0429, 0.0405, 0.0362, 0.0293, 0.0205]]])\n",
      "eigenvalues for times from 0 to tensor([1]): tensor([-7.4089e-04, -1.0000e+00, -2.1147e+00, -4.4721e+00, -9.4574e+00,\n",
      "        -2.0000e+01])\n",
      "Transition kernel of k0T is tensor([[[1.0237, 0.6396, 0.4208, 0.2237, 0.1070, 0.0506],\n",
      "         [0.6396, 0.4323, 0.3068, 0.1820, 0.0956, 0.0476],\n",
      "         [0.4208, 0.3068, 0.2330, 0.1516, 0.0864, 0.0452],\n",
      "         [0.2237, 0.1820, 0.1516, 0.1118, 0.0718, 0.0409],\n",
      "         [0.1070, 0.0956, 0.0864, 0.0718, 0.0529, 0.0339],\n",
      "         [0.0506, 0.0476, 0.0452, 0.0409, 0.0339, 0.0250]]])\n",
      "eigenvalues for times from 0 to tensor([0.0050]): tensor([-7.4089e-04, -1.0000e+00, -2.1147e+00, -4.4721e+00, -9.4574e+00,\n",
      "        -2.0000e+01])\n",
      "Transition kernel of k0t is tensor([[[0.0051, 0.0050, 0.0050, 0.0050, 0.0049, 0.0048],\n",
      "         [0.0050, 0.0050, 0.0050, 0.0049, 0.0049, 0.0047],\n",
      "         [0.0050, 0.0050, 0.0049, 0.0049, 0.0049, 0.0047],\n",
      "         [0.0050, 0.0049, 0.0049, 0.0049, 0.0048, 0.0047],\n",
      "         [0.0049, 0.0049, 0.0049, 0.0048, 0.0048, 0.0046],\n",
      "         [0.0048, 0.0047, 0.0047, 0.0047, 0.0046, 0.0045]]])\n",
      "epsilson for covariance matrix: 0.01\n",
      "Eigenvelus of covariance matrix: [[0.02886687 0.00998878 0.01000242 0.00999999 0.01       0.01000001]]\n",
      "cov tensor([[[0.0132, 0.0032, 0.0032, 0.0032, 0.0032, 0.0031],\n",
      "         [0.0032, 0.0132, 0.0032, 0.0032, 0.0031, 0.0030],\n",
      "         [0.0033, 0.0033, 0.0132, 0.0032, 0.0032, 0.0031],\n",
      "         [0.0032, 0.0032, 0.0032, 0.0132, 0.0031, 0.0030],\n",
      "         [0.0032, 0.0032, 0.0032, 0.0031, 0.0131, 0.0030],\n",
      "         [0.0031, 0.0031, 0.0031, 0.0030, 0.0030, 0.0129]]])\n",
      "eigenvalues for times from tensor([0.0060]) to tensor([1]): tensor([-7.4089e-04, -1.0000e+00, -2.1147e+00, -4.4721e+00, -9.4574e+00,\n",
      "        -2.0000e+01])\n",
      "Gammas are tensor([[ 1.0000,  2.1147,  4.4721,  9.4574, 20.0000]])\n",
      "Transition kernel of ktT is tensor([[[1.0176, 0.6335, 0.4147, 0.2177, 0.1011, 0.0449],\n",
      "         [0.6335, 0.4264, 0.3009, 0.1761, 0.0898, 0.0420],\n",
      "         [0.4147, 0.3009, 0.2271, 0.1457, 0.0806, 0.0396],\n",
      "         [0.2177, 0.1761, 0.1457, 0.1059, 0.0660, 0.0353],\n",
      "         [0.1011, 0.0898, 0.0806, 0.0660, 0.0472, 0.0284],\n",
      "         [0.0449, 0.0420, 0.0396, 0.0353, 0.0284, 0.0197]]])\n",
      "eigenvalues for times from 0 to tensor([1]): tensor([-7.4089e-04, -1.0000e+00, -2.1147e+00, -4.4721e+00, -9.4574e+00,\n",
      "        -2.0000e+01])\n",
      "Transition kernel of k0T is tensor([[[1.0237, 0.6396, 0.4208, 0.2237, 0.1070, 0.0506],\n",
      "         [0.6396, 0.4323, 0.3068, 0.1820, 0.0956, 0.0476],\n",
      "         [0.4208, 0.3068, 0.2330, 0.1516, 0.0864, 0.0452],\n",
      "         [0.2237, 0.1820, 0.1516, 0.1118, 0.0718, 0.0409],\n",
      "         [0.1070, 0.0956, 0.0864, 0.0718, 0.0529, 0.0339],\n",
      "         [0.0506, 0.0476, 0.0452, 0.0409, 0.0339, 0.0250]]])\n",
      "eigenvalues for times from 0 to tensor([0.0060]): tensor([-7.4089e-04, -1.0000e+00, -2.1147e+00, -4.4721e+00, -9.4574e+00,\n",
      "        -2.0000e+01])\n",
      "Transition kernel of k0t is tensor([[[0.0061, 0.0061, 0.0060, 0.0060, 0.0059, 0.0057],\n",
      "         [0.0061, 0.0060, 0.0059, 0.0059, 0.0058, 0.0056],\n",
      "         [0.0060, 0.0059, 0.0059, 0.0059, 0.0058, 0.0056],\n",
      "         [0.0060, 0.0059, 0.0059, 0.0058, 0.0058, 0.0056],\n",
      "         [0.0059, 0.0058, 0.0058, 0.0058, 0.0057, 0.0055],\n",
      "         [0.0057, 0.0056, 0.0056, 0.0056, 0.0055, 0.0053]]])\n",
      "epsilson for covariance matrix: 0.01\n",
      "Eigenvelus of covariance matrix: [[0.03076357 0.00999491 0.0100043  0.01       0.00999998 0.00999999]]\n",
      "cov tensor([[[0.0137, 0.0037, 0.0037, 0.0037, 0.0036, 0.0035],\n",
      "         [0.0036, 0.0135, 0.0035, 0.0035, 0.0034, 0.0033],\n",
      "         [0.0036, 0.0035, 0.0135, 0.0035, 0.0034, 0.0033],\n",
      "         [0.0036, 0.0035, 0.0035, 0.0135, 0.0034, 0.0033],\n",
      "         [0.0035, 0.0034, 0.0034, 0.0034, 0.0133, 0.0032],\n",
      "         [0.0034, 0.0033, 0.0033, 0.0033, 0.0033, 0.0132]]])\n",
      "eigenvalues for times from tensor([0.0070]) to tensor([1]): tensor([-7.4089e-04, -1.0000e+00, -2.1147e+00, -4.4721e+00, -9.4574e+00,\n",
      "        -2.0000e+01])\n",
      "Gammas are tensor([[ 1.0000,  2.1147,  4.4721,  9.4574, 20.0000]])\n",
      "Transition kernel of ktT is tensor([[[1.0165, 0.6325, 0.4137, 0.2167, 0.1001, 0.0440],\n",
      "         [0.6325, 0.4254, 0.2999, 0.1751, 0.0889, 0.0411],\n",
      "         [0.4137, 0.2999, 0.2261, 0.1448, 0.0797, 0.0387],\n",
      "         [0.2167, 0.1751, 0.1448, 0.1050, 0.0651, 0.0344],\n",
      "         [0.1001, 0.0889, 0.0797, 0.0651, 0.0463, 0.0276],\n",
      "         [0.0440, 0.0411, 0.0387, 0.0344, 0.0276, 0.0189]]])\n",
      "eigenvalues for times from 0 to tensor([1]): tensor([-7.4089e-04, -1.0000e+00, -2.1147e+00, -4.4721e+00, -9.4574e+00,\n",
      "        -2.0000e+01])\n",
      "Transition kernel of k0T is tensor([[[1.0237, 0.6396, 0.4208, 0.2237, 0.1070, 0.0506],\n",
      "         [0.6396, 0.4323, 0.3068, 0.1820, 0.0956, 0.0476],\n",
      "         [0.4208, 0.3068, 0.2330, 0.1516, 0.0864, 0.0452],\n",
      "         [0.2237, 0.1820, 0.1516, 0.1118, 0.0718, 0.0409],\n",
      "         [0.1070, 0.0956, 0.0864, 0.0718, 0.0529, 0.0339],\n",
      "         [0.0506, 0.0476, 0.0452, 0.0409, 0.0339, 0.0250]]])\n",
      "eigenvalues for times from 0 to tensor([0.0070]): tensor([-7.4089e-04, -1.0000e+00, -2.1147e+00, -4.4721e+00, -9.4574e+00,\n",
      "        -2.0000e+01])\n",
      "Transition kernel of k0t is tensor([[[0.0072, 0.0071, 0.0070, 0.0070, 0.0069, 0.0066],\n",
      "         [0.0071, 0.0070, 0.0069, 0.0069, 0.0067, 0.0065],\n",
      "         [0.0070, 0.0069, 0.0069, 0.0068, 0.0067, 0.0065],\n",
      "         [0.0070, 0.0069, 0.0068, 0.0068, 0.0067, 0.0064],\n",
      "         [0.0069, 0.0067, 0.0067, 0.0067, 0.0066, 0.0063],\n",
      "         [0.0066, 0.0065, 0.0065, 0.0064, 0.0063, 0.0061]]])\n",
      "epsilson for covariance matrix: 0.01\n",
      "Eigenvelus of covariance matrix: [[0.03196819 0.01000729 0.00999946 0.01000001 0.01       0.00999999]]\n",
      "cov tensor([[[0.0139, 0.0039, 0.0039, 0.0038, 0.0038, 0.0036],\n",
      "         [0.0038, 0.0138, 0.0038, 0.0037, 0.0037, 0.0035],\n",
      "         [0.0038, 0.0037, 0.0137, 0.0037, 0.0036, 0.0035],\n",
      "         [0.0038, 0.0037, 0.0037, 0.0137, 0.0036, 0.0035],\n",
      "         [0.0037, 0.0037, 0.0036, 0.0036, 0.0136, 0.0034],\n",
      "         [0.0036, 0.0035, 0.0035, 0.0035, 0.0034, 0.0133]]])\n",
      "eigenvalues for times from tensor([0.0080]) to tensor([1]): tensor([-7.4089e-04, -1.0000e+00, -2.1147e+00, -4.4721e+00, -9.4574e+00,\n",
      "        -2.0000e+01])\n",
      "Gammas are tensor([[ 1.0000,  2.1147,  4.4721,  9.4574, 20.0000]])\n",
      "Transition kernel of ktT is tensor([[[1.0155, 0.6315, 0.4127, 0.2157, 0.0992, 0.0431],\n",
      "         [0.6315, 0.4244, 0.2989, 0.1741, 0.0879, 0.0403],\n",
      "         [0.4127, 0.2989, 0.2251, 0.1438, 0.0788, 0.0379],\n",
      "         [0.2157, 0.1741, 0.1438, 0.1041, 0.0642, 0.0336],\n",
      "         [0.0992, 0.0879, 0.0788, 0.0642, 0.0454, 0.0268],\n",
      "         [0.0431, 0.0403, 0.0379, 0.0336, 0.0268, 0.0182]]])\n",
      "eigenvalues for times from 0 to tensor([1]): tensor([-7.4089e-04, -1.0000e+00, -2.1147e+00, -4.4721e+00, -9.4574e+00,\n",
      "        -2.0000e+01])\n",
      "Transition kernel of k0T is tensor([[[1.0237, 0.6396, 0.4208, 0.2237, 0.1070, 0.0506],\n",
      "         [0.6396, 0.4323, 0.3068, 0.1820, 0.0956, 0.0476],\n",
      "         [0.4208, 0.3068, 0.2330, 0.1516, 0.0864, 0.0452],\n",
      "         [0.2237, 0.1820, 0.1516, 0.1118, 0.0718, 0.0409],\n",
      "         [0.1070, 0.0956, 0.0864, 0.0718, 0.0529, 0.0339],\n",
      "         [0.0506, 0.0476, 0.0452, 0.0409, 0.0339, 0.0250]]])\n",
      "eigenvalues for times from 0 to tensor([0.0080]): tensor([-7.4089e-04, -1.0000e+00, -2.1147e+00, -4.4721e+00, -9.4574e+00,\n",
      "        -2.0000e+01])\n",
      "Transition kernel of k0t is tensor([[[0.0082, 0.0081, 0.0080, 0.0080, 0.0078, 0.0075],\n",
      "         [0.0081, 0.0079, 0.0079, 0.0078, 0.0077, 0.0074],\n",
      "         [0.0080, 0.0079, 0.0079, 0.0078, 0.0076, 0.0073],\n",
      "         [0.0080, 0.0078, 0.0078, 0.0077, 0.0076, 0.0073],\n",
      "         [0.0078, 0.0077, 0.0076, 0.0076, 0.0074, 0.0071],\n",
      "         [0.0075, 0.0074, 0.0073, 0.0073, 0.0071, 0.0068]]])\n",
      "epsilson for covariance matrix: 0.01\n",
      "Eigenvelus of covariance matrix: [[0.03307491+0.0000000e+00j 0.01001143+0.0000000e+00j\n",
      "  0.01000297+0.0000000e+00j 0.00999999+0.0000000e+00j\n",
      "  0.01      +3.8255368e-09j 0.01      -3.8255368e-09j]]\n",
      "cov tensor([[[0.0142, 0.0041, 0.0041, 0.0040, 0.0040, 0.0038],\n",
      "         [0.0041, 0.0140, 0.0040, 0.0040, 0.0039, 0.0037],\n",
      "         [0.0040, 0.0040, 0.0139, 0.0039, 0.0038, 0.0037],\n",
      "         [0.0040, 0.0039, 0.0039, 0.0138, 0.0038, 0.0036],\n",
      "         [0.0039, 0.0038, 0.0038, 0.0038, 0.0137, 0.0035],\n",
      "         [0.0038, 0.0037, 0.0037, 0.0036, 0.0036, 0.0134]]])\n",
      "eigenvalues for times from tensor([0.0090]) to tensor([1]): tensor([-7.4089e-04, -1.0000e+00, -2.1147e+00, -4.4721e+00, -9.4574e+00,\n",
      "        -2.0000e+01])\n",
      "Gammas are tensor([[ 1.0000,  2.1147,  4.4721,  9.4574, 20.0000]])\n",
      "Transition kernel of ktT is tensor([[[1.0145, 0.6305, 0.4117, 0.2148, 0.0983, 0.0423],\n",
      "         [0.6305, 0.4234, 0.2979, 0.1732, 0.0870, 0.0394],\n",
      "         [0.4117, 0.2979, 0.2242, 0.1429, 0.0779, 0.0371],\n",
      "         [0.2148, 0.1732, 0.1429, 0.1031, 0.0633, 0.0328],\n",
      "         [0.0983, 0.0870, 0.0779, 0.0633, 0.0446, 0.0260],\n",
      "         [0.0423, 0.0394, 0.0371, 0.0328, 0.0260, 0.0174]]])\n",
      "eigenvalues for times from 0 to tensor([1]): tensor([-7.4089e-04, -1.0000e+00, -2.1147e+00, -4.4721e+00, -9.4574e+00,\n",
      "        -2.0000e+01])\n",
      "Transition kernel of k0T is tensor([[[1.0237, 0.6396, 0.4208, 0.2237, 0.1070, 0.0506],\n",
      "         [0.6396, 0.4323, 0.3068, 0.1820, 0.0956, 0.0476],\n",
      "         [0.4208, 0.3068, 0.2330, 0.1516, 0.0864, 0.0452],\n",
      "         [0.2237, 0.1820, 0.1516, 0.1118, 0.0718, 0.0409],\n",
      "         [0.1070, 0.0956, 0.0864, 0.0718, 0.0529, 0.0339],\n",
      "         [0.0506, 0.0476, 0.0452, 0.0409, 0.0339, 0.0250]]])\n",
      "eigenvalues for times from 0 to tensor([0.0090]): tensor([-7.4089e-04, -1.0000e+00, -2.1147e+00, -4.4721e+00, -9.4574e+00,\n",
      "        -2.0000e+01])\n",
      "Transition kernel of k0t is tensor([[[0.0092, 0.0091, 0.0090, 0.0089, 0.0087, 0.0083],\n",
      "         [0.0091, 0.0089, 0.0089, 0.0088, 0.0086, 0.0082],\n",
      "         [0.0090, 0.0089, 0.0088, 0.0087, 0.0085, 0.0082],\n",
      "         [0.0089, 0.0088, 0.0087, 0.0086, 0.0085, 0.0081],\n",
      "         [0.0087, 0.0086, 0.0085, 0.0085, 0.0083, 0.0079],\n",
      "         [0.0083, 0.0082, 0.0082, 0.0081, 0.0079, 0.0076]]])\n",
      "epsilson for covariance matrix: 0.01\n",
      "Eigenvelus of covariance matrix: [[0.03377826 0.01001638 0.01000556 0.01000001 0.01       0.00999999]]\n",
      "cov tensor([[[0.0144, 0.0043, 0.0043, 0.0042, 0.0041, 0.0039],\n",
      "         [0.0041, 0.0140, 0.0040, 0.0040, 0.0039, 0.0037],\n",
      "         [0.0041, 0.0041, 0.0140, 0.0040, 0.0039, 0.0037],\n",
      "         [0.0042, 0.0041, 0.0041, 0.0141, 0.0040, 0.0038],\n",
      "         [0.0040, 0.0039, 0.0039, 0.0039, 0.0138, 0.0036],\n",
      "         [0.0038, 0.0038, 0.0037, 0.0037, 0.0036, 0.0134]]])\n",
      "eigenvalues for times from tensor([0.0100]) to tensor([1]): tensor([-7.4089e-04, -1.0000e+00, -2.1147e+00, -4.4721e+00, -9.4574e+00,\n",
      "        -2.0000e+01])\n",
      "Gammas are tensor([[ 1.0000,  2.1147,  4.4721,  9.4574, 20.0000]])\n",
      "Transition kernel of ktT is tensor([[[1.0134, 0.6295, 0.4107, 0.2138, 0.0973, 0.0414],\n",
      "         [0.6295, 0.4224, 0.2970, 0.1722, 0.0861, 0.0386],\n",
      "         [0.4107, 0.2970, 0.2232, 0.1419, 0.0770, 0.0362],\n",
      "         [0.2138, 0.1722, 0.1419, 0.1022, 0.0625, 0.0320],\n",
      "         [0.0973, 0.0861, 0.0770, 0.0625, 0.0438, 0.0253],\n",
      "         [0.0414, 0.0386, 0.0362, 0.0320, 0.0253, 0.0168]]])\n",
      "eigenvalues for times from 0 to tensor([1]): tensor([-7.4089e-04, -1.0000e+00, -2.1147e+00, -4.4721e+00, -9.4574e+00,\n",
      "        -2.0000e+01])\n",
      "Transition kernel of k0T is tensor([[[1.0237, 0.6396, 0.4208, 0.2237, 0.1070, 0.0506],\n",
      "         [0.6396, 0.4323, 0.3068, 0.1820, 0.0956, 0.0476],\n",
      "         [0.4208, 0.3068, 0.2330, 0.1516, 0.0864, 0.0452],\n",
      "         [0.2237, 0.1820, 0.1516, 0.1118, 0.0718, 0.0409],\n",
      "         [0.1070, 0.0956, 0.0864, 0.0718, 0.0529, 0.0339],\n",
      "         [0.0506, 0.0476, 0.0452, 0.0409, 0.0339, 0.0250]]])\n",
      "eigenvalues for times from 0 to tensor([0.0100]): tensor([-7.4089e-04, -1.0000e+00, -2.1147e+00, -4.4721e+00, -9.4574e+00,\n",
      "        -2.0000e+01])\n",
      "Transition kernel of k0t is tensor([[[0.0103, 0.0101, 0.0100, 0.0099, 0.0097, 0.0092],\n",
      "         [0.0101, 0.0099, 0.0098, 0.0097, 0.0095, 0.0090],\n",
      "         [0.0100, 0.0098, 0.0098, 0.0097, 0.0094, 0.0090],\n",
      "         [0.0099, 0.0097, 0.0097, 0.0096, 0.0093, 0.0089],\n",
      "         [0.0097, 0.0095, 0.0094, 0.0093, 0.0091, 0.0087],\n",
      "         [0.0092, 0.0090, 0.0090, 0.0089, 0.0087, 0.0082]]])\n",
      "epsilson for covariance matrix: 0.01\n",
      "Eigenvelus of covariance matrix: [[0.03444669 0.01002132 0.01000804 0.01000001 0.01       0.01      ]]\n",
      "cov tensor([[[0.0146, 0.0045, 0.0044, 0.0044, 0.0043, 0.0040],\n",
      "         [0.0044, 0.0143, 0.0043, 0.0042, 0.0041, 0.0039],\n",
      "         [0.0044, 0.0043, 0.0142, 0.0042, 0.0041, 0.0039],\n",
      "         [0.0042, 0.0041, 0.0041, 0.0141, 0.0039, 0.0037],\n",
      "         [0.0041, 0.0040, 0.0040, 0.0039, 0.0138, 0.0036],\n",
      "         [0.0039, 0.0038, 0.0038, 0.0037, 0.0037, 0.0135]]])\n",
      "eigenvalues for times from tensor([0.0110]) to tensor([1]): tensor([-7.4089e-04, -1.0000e+00, -2.1147e+00, -4.4721e+00, -9.4574e+00,\n",
      "        -2.0000e+01])\n",
      "Gammas are tensor([[ 1.0000,  2.1147,  4.4721,  9.4574, 20.0000]])\n",
      "Transition kernel of ktT is tensor([[[1.0125, 0.6285, 0.4098, 0.2128, 0.0964, 0.0406],\n",
      "         [0.6285, 0.4215, 0.2960, 0.1713, 0.0852, 0.0378],\n",
      "         [0.4098, 0.2960, 0.2222, 0.1410, 0.0761, 0.0355],\n",
      "         [0.2128, 0.1713, 0.1410, 0.1013, 0.0616, 0.0312],\n",
      "         [0.0964, 0.0852, 0.0761, 0.0616, 0.0429, 0.0246],\n",
      "         [0.0406, 0.0378, 0.0355, 0.0312, 0.0246, 0.0161]]])\n",
      "eigenvalues for times from 0 to tensor([1]): tensor([-7.4089e-04, -1.0000e+00, -2.1147e+00, -4.4721e+00, -9.4574e+00,\n",
      "        -2.0000e+01])\n",
      "Transition kernel of k0T is tensor([[[1.0237, 0.6396, 0.4208, 0.2237, 0.1070, 0.0506],\n",
      "         [0.6396, 0.4323, 0.3068, 0.1820, 0.0956, 0.0476],\n",
      "         [0.4208, 0.3068, 0.2330, 0.1516, 0.0864, 0.0452],\n",
      "         [0.2237, 0.1820, 0.1516, 0.1118, 0.0718, 0.0409],\n",
      "         [0.1070, 0.0956, 0.0864, 0.0718, 0.0529, 0.0339],\n",
      "         [0.0506, 0.0476, 0.0452, 0.0409, 0.0339, 0.0250]]])\n",
      "eigenvalues for times from 0 to tensor([0.0110]): tensor([-7.4089e-04, -1.0000e+00, -2.1147e+00, -4.4721e+00, -9.4574e+00,\n",
      "        -2.0000e+01])\n",
      "Transition kernel of k0t is tensor([[[0.0112, 0.0111, 0.0110, 0.0109, 0.0106, 0.0100],\n",
      "         [0.0111, 0.0109, 0.0108, 0.0107, 0.0104, 0.0098],\n",
      "         [0.0110, 0.0108, 0.0107, 0.0106, 0.0103, 0.0098],\n",
      "         [0.0109, 0.0107, 0.0106, 0.0105, 0.0102, 0.0096],\n",
      "         [0.0106, 0.0104, 0.0103, 0.0102, 0.0099, 0.0094],\n",
      "         [0.0100, 0.0098, 0.0098, 0.0096, 0.0094, 0.0089]]])\n",
      "epsilson for covariance matrix: 0.01\n",
      "Eigenvelus of covariance matrix: [[0.03440807+0.0000000e+00j 0.0100248 +0.0000000e+00j\n",
      "  0.00998268+0.0000000e+00j 0.01000001+5.9812204e-09j\n",
      "  0.01000001-5.9812204e-09j 0.00999999+0.0000000e+00j]]\n",
      "cov tensor([[[0.0143, 0.0043, 0.0042, 0.0042, 0.0040, 0.0038],\n",
      "         [0.0044, 0.0144, 0.0043, 0.0043, 0.0041, 0.0039],\n",
      "         [0.0044, 0.0044, 0.0143, 0.0043, 0.0041, 0.0039],\n",
      "         [0.0043, 0.0042, 0.0042, 0.0142, 0.0040, 0.0038],\n",
      "         [0.0041, 0.0040, 0.0040, 0.0040, 0.0138, 0.0036],\n",
      "         [0.0039, 0.0038, 0.0038, 0.0038, 0.0036, 0.0134]]])\n",
      "eigenvalues for times from tensor([0.0120]) to tensor([1]): tensor([-7.4089e-04, -1.0000e+00, -2.1147e+00, -4.4721e+00, -9.4574e+00,\n",
      "        -2.0000e+01])\n",
      "Gammas are tensor([[ 1.0000,  2.1147,  4.4721,  9.4574, 20.0000]])\n",
      "Transition kernel of ktT is tensor([[[1.0114, 0.6275, 0.4088, 0.2119, 0.0955, 0.0398],\n",
      "         [0.6275, 0.4205, 0.2950, 0.1704, 0.0843, 0.0370],\n",
      "         [0.4088, 0.2950, 0.2213, 0.1401, 0.0752, 0.0347],\n",
      "         [0.2119, 0.1704, 0.1401, 0.1004, 0.0607, 0.0305],\n",
      "         [0.0955, 0.0843, 0.0752, 0.0607, 0.0421, 0.0238],\n",
      "         [0.0398, 0.0370, 0.0347, 0.0305, 0.0238, 0.0155]]])\n",
      "eigenvalues for times from 0 to tensor([1]): tensor([-7.4089e-04, -1.0000e+00, -2.1147e+00, -4.4721e+00, -9.4574e+00,\n",
      "        -2.0000e+01])\n",
      "Transition kernel of k0T is tensor([[[1.0237, 0.6396, 0.4208, 0.2237, 0.1070, 0.0506],\n",
      "         [0.6396, 0.4323, 0.3068, 0.1820, 0.0956, 0.0476],\n",
      "         [0.4208, 0.3068, 0.2330, 0.1516, 0.0864, 0.0452],\n",
      "         [0.2237, 0.1820, 0.1516, 0.1118, 0.0718, 0.0409],\n",
      "         [0.1070, 0.0956, 0.0864, 0.0718, 0.0529, 0.0339],\n",
      "         [0.0506, 0.0476, 0.0452, 0.0409, 0.0339, 0.0250]]])\n",
      "eigenvalues for times from 0 to tensor([0.0120]): tensor([-7.4089e-04, -1.0000e+00, -2.1147e+00, -4.4721e+00, -9.4574e+00,\n",
      "        -2.0000e+01])\n",
      "Transition kernel of k0t is tensor([[[0.0123, 0.0121, 0.0120, 0.0118, 0.0115, 0.0108],\n",
      "         [0.0121, 0.0119, 0.0118, 0.0116, 0.0113, 0.0106],\n",
      "         [0.0120, 0.0118, 0.0117, 0.0115, 0.0112, 0.0105],\n",
      "         [0.0118, 0.0116, 0.0115, 0.0114, 0.0111, 0.0104],\n",
      "         [0.0115, 0.0113, 0.0112, 0.0111, 0.0107, 0.0101],\n",
      "         [0.0108, 0.0106, 0.0105, 0.0104, 0.0101, 0.0095]]])\n",
      "epsilson for covariance matrix: 0.01\n",
      "Eigenvelus of covariance matrix: [[0.03447163 0.01003233 0.00998881 0.00999999 0.01       0.01      ]]\n",
      "cov tensor([[[0.0143, 0.0043, 0.0043, 0.0042, 0.0041, 0.0038],\n",
      "         [0.0046, 0.0145, 0.0045, 0.0044, 0.0042, 0.0040],\n",
      "         [0.0044, 0.0043, 0.0143, 0.0042, 0.0041, 0.0038],\n",
      "         [0.0043, 0.0042, 0.0042, 0.0141, 0.0040, 0.0037],\n",
      "         [0.0041, 0.0041, 0.0041, 0.0040, 0.0139, 0.0036],\n",
      "         [0.0039, 0.0038, 0.0038, 0.0037, 0.0036, 0.0134]]])\n",
      "eigenvalues for times from tensor([0.0130]) to tensor([1]): tensor([-7.4089e-04, -1.0000e+00, -2.1147e+00, -4.4721e+00, -9.4574e+00,\n",
      "        -2.0000e+01])\n",
      "Gammas are tensor([[ 1.0000,  2.1147,  4.4721,  9.4574, 20.0000]])\n",
      "Transition kernel of ktT is tensor([[[1.0104, 0.6265, 0.4078, 0.2109, 0.0946, 0.0390],\n",
      "         [0.6265, 0.4195, 0.2941, 0.1694, 0.0835, 0.0362],\n",
      "         [0.4078, 0.2941, 0.2203, 0.1391, 0.0743, 0.0339],\n",
      "         [0.2109, 0.1694, 0.1391, 0.0995, 0.0599, 0.0297],\n",
      "         [0.0946, 0.0835, 0.0743, 0.0599, 0.0413, 0.0231],\n",
      "         [0.0390, 0.0362, 0.0339, 0.0297, 0.0231, 0.0149]]])\n",
      "eigenvalues for times from 0 to tensor([1]): tensor([-7.4089e-04, -1.0000e+00, -2.1147e+00, -4.4721e+00, -9.4574e+00,\n",
      "        -2.0000e+01])\n",
      "Transition kernel of k0T is tensor([[[1.0237, 0.6396, 0.4208, 0.2237, 0.1070, 0.0506],\n",
      "         [0.6396, 0.4323, 0.3068, 0.1820, 0.0956, 0.0476],\n",
      "         [0.4208, 0.3068, 0.2330, 0.1516, 0.0864, 0.0452],\n",
      "         [0.2237, 0.1820, 0.1516, 0.1118, 0.0718, 0.0409],\n",
      "         [0.1070, 0.0956, 0.0864, 0.0718, 0.0529, 0.0339],\n",
      "         [0.0506, 0.0476, 0.0452, 0.0409, 0.0339, 0.0250]]])\n",
      "eigenvalues for times from 0 to tensor([0.0130]): tensor([-7.4089e-04, -1.0000e+00, -2.1147e+00, -4.4721e+00, -9.4574e+00,\n",
      "        -2.0000e+01])\n",
      "Transition kernel of k0t is tensor([[[0.0133, 0.0131, 0.0130, 0.0128, 0.0124, 0.0116],\n",
      "         [0.0131, 0.0128, 0.0127, 0.0125, 0.0122, 0.0114],\n",
      "         [0.0130, 0.0127, 0.0126, 0.0125, 0.0121, 0.0113],\n",
      "         [0.0128, 0.0125, 0.0125, 0.0123, 0.0119, 0.0111],\n",
      "         [0.0124, 0.0122, 0.0121, 0.0119, 0.0115, 0.0108],\n",
      "         [0.0116, 0.0114, 0.0113, 0.0111, 0.0108, 0.0101]]])\n",
      "epsilson for covariance matrix: 0.01\n",
      "Eigenvelus of covariance matrix: [[0.03428561+0.0000000e+00j 0.01004174+0.0000000e+00j\n",
      "  0.00999418+0.0000000e+00j 0.00999999+0.0000000e+00j\n",
      "  0.01000001+1.9087365e-09j 0.01000001-1.9087365e-09j]]\n",
      "cov tensor([[[0.0143, 0.0043, 0.0042, 0.0042, 0.0040, 0.0037],\n",
      "         [0.0045, 0.0144, 0.0044, 0.0043, 0.0041, 0.0038],\n",
      "         [0.0043, 0.0042, 0.0142, 0.0041, 0.0040, 0.0037],\n",
      "         [0.0044, 0.0043, 0.0043, 0.0142, 0.0040, 0.0037],\n",
      "         [0.0042, 0.0041, 0.0041, 0.0040, 0.0139, 0.0036],\n",
      "         [0.0038, 0.0038, 0.0037, 0.0037, 0.0036, 0.0133]]])\n",
      "eigenvalues for times from tensor([0.0140]) to tensor([1]): tensor([-7.4089e-04, -1.0000e+00, -2.1147e+00, -4.4721e+00, -9.4574e+00,\n",
      "        -2.0000e+01])\n",
      "Gammas are tensor([[ 1.0000,  2.1147,  4.4721,  9.4574, 20.0000]])\n",
      "Transition kernel of ktT is tensor([[[1.0094, 0.6255, 0.4068, 0.2100, 0.0937, 0.0382],\n",
      "         [0.6255, 0.4185, 0.2931, 0.1685, 0.0826, 0.0355],\n",
      "         [0.4068, 0.2931, 0.2194, 0.1382, 0.0735, 0.0332],\n",
      "         [0.2100, 0.1685, 0.1382, 0.0986, 0.0591, 0.0290],\n",
      "         [0.0937, 0.0826, 0.0735, 0.0591, 0.0406, 0.0225],\n",
      "         [0.0382, 0.0355, 0.0332, 0.0290, 0.0225, 0.0143]]])\n",
      "eigenvalues for times from 0 to tensor([1]): tensor([-7.4089e-04, -1.0000e+00, -2.1147e+00, -4.4721e+00, -9.4574e+00,\n",
      "        -2.0000e+01])\n",
      "Transition kernel of k0T is tensor([[[1.0237, 0.6396, 0.4208, 0.2237, 0.1070, 0.0506],\n",
      "         [0.6396, 0.4323, 0.3068, 0.1820, 0.0956, 0.0476],\n",
      "         [0.4208, 0.3068, 0.2330, 0.1516, 0.0864, 0.0452],\n",
      "         [0.2237, 0.1820, 0.1516, 0.1118, 0.0718, 0.0409],\n",
      "         [0.1070, 0.0956, 0.0864, 0.0718, 0.0529, 0.0339],\n",
      "         [0.0506, 0.0476, 0.0452, 0.0409, 0.0339, 0.0250]]])\n",
      "eigenvalues for times from 0 to tensor([0.0140]): tensor([-7.4089e-04, -1.0000e+00, -2.1147e+00, -4.4721e+00, -9.4574e+00,\n",
      "        -2.0000e+01])\n",
      "Transition kernel of k0t is tensor([[[0.0143, 0.0141, 0.0140, 0.0137, 0.0133, 0.0124],\n",
      "         [0.0141, 0.0138, 0.0137, 0.0135, 0.0130, 0.0121],\n",
      "         [0.0140, 0.0137, 0.0136, 0.0134, 0.0129, 0.0120],\n",
      "         [0.0137, 0.0135, 0.0134, 0.0132, 0.0127, 0.0119],\n",
      "         [0.0133, 0.0130, 0.0129, 0.0127, 0.0123, 0.0115],\n",
      "         [0.0124, 0.0121, 0.0120, 0.0119, 0.0115, 0.0107]]])\n",
      "epsilson for covariance matrix: 0.01\n",
      "Eigenvelus of covariance matrix: [[0.03410907+0.0000000e+00j 0.01005094+0.0000000e+00j\n",
      "  0.00999896+0.0000000e+00j 0.01000001+0.0000000e+00j\n",
      "  0.00999999+2.4516558e-09j 0.00999999-2.4516558e-09j]]\n",
      "cov tensor([[[0.0145, 0.0044, 0.0044, 0.0043, 0.0041, 0.0037],\n",
      "         [0.0045, 0.0144, 0.0043, 0.0042, 0.0041, 0.0037],\n",
      "         [0.0044, 0.0043, 0.0142, 0.0042, 0.0040, 0.0037],\n",
      "         [0.0043, 0.0042, 0.0041, 0.0141, 0.0039, 0.0036],\n",
      "         [0.0041, 0.0040, 0.0040, 0.0039, 0.0138, 0.0035],\n",
      "         [0.0038, 0.0037, 0.0037, 0.0036, 0.0035, 0.0132]]])\n",
      "eigenvalues for times from tensor([0.0150]) to tensor([1]): tensor([-7.4089e-04, -1.0000e+00, -2.1147e+00, -4.4721e+00, -9.4574e+00,\n",
      "        -2.0000e+01])\n",
      "Gammas are tensor([[ 1.0000,  2.1147,  4.4721,  9.4574, 20.0000]])\n",
      "Transition kernel of ktT is tensor([[[1.0083, 0.6245, 0.4058, 0.2090, 0.0929, 0.0375],\n",
      "         [0.6245, 0.4176, 0.2921, 0.1676, 0.0817, 0.0348],\n",
      "         [0.4058, 0.2921, 0.2185, 0.1373, 0.0726, 0.0325],\n",
      "         [0.2090, 0.1676, 0.1373, 0.0978, 0.0583, 0.0283],\n",
      "         [0.0929, 0.0817, 0.0726, 0.0583, 0.0398, 0.0218],\n",
      "         [0.0375, 0.0348, 0.0325, 0.0283, 0.0218, 0.0137]]])\n",
      "eigenvalues for times from 0 to tensor([1]): tensor([-7.4089e-04, -1.0000e+00, -2.1147e+00, -4.4721e+00, -9.4574e+00,\n",
      "        -2.0000e+01])\n",
      "Transition kernel of k0T is tensor([[[1.0237, 0.6396, 0.4208, 0.2237, 0.1070, 0.0506],\n",
      "         [0.6396, 0.4323, 0.3068, 0.1820, 0.0956, 0.0476],\n",
      "         [0.4208, 0.3068, 0.2330, 0.1516, 0.0864, 0.0452],\n",
      "         [0.2237, 0.1820, 0.1516, 0.1118, 0.0718, 0.0409],\n",
      "         [0.1070, 0.0956, 0.0864, 0.0718, 0.0529, 0.0339],\n",
      "         [0.0506, 0.0476, 0.0452, 0.0409, 0.0339, 0.0250]]])\n",
      "eigenvalues for times from 0 to tensor([0.0150]): tensor([-7.4089e-04, -1.0000e+00, -2.1147e+00, -4.4721e+00, -9.4574e+00,\n",
      "        -2.0000e+01])\n",
      "Transition kernel of k0t is tensor([[[0.0154, 0.0151, 0.0149, 0.0147, 0.0142, 0.0131],\n",
      "         [0.0151, 0.0148, 0.0147, 0.0144, 0.0139, 0.0129],\n",
      "         [0.0149, 0.0147, 0.0145, 0.0143, 0.0138, 0.0128],\n",
      "         [0.0147, 0.0144, 0.0143, 0.0140, 0.0135, 0.0126],\n",
      "         [0.0142, 0.0139, 0.0138, 0.0135, 0.0131, 0.0121],\n",
      "         [0.0131, 0.0129, 0.0128, 0.0126, 0.0121, 0.0113]]])\n",
      "epsilson for covariance matrix: 0.01\n",
      "Eigenvelus of covariance matrix: [[0.03407235 0.01006016 0.01000246 0.00999997 0.01000002 0.01      ]]\n",
      "cov tensor([[[0.0147, 0.0046, 0.0046, 0.0045, 0.0043, 0.0039],\n",
      "         [0.0044, 0.0143, 0.0042, 0.0041, 0.0039, 0.0036],\n",
      "         [0.0043, 0.0042, 0.0141, 0.0040, 0.0039, 0.0035],\n",
      "         [0.0044, 0.0043, 0.0042, 0.0141, 0.0040, 0.0036],\n",
      "         [0.0042, 0.0041, 0.0040, 0.0039, 0.0138, 0.0034],\n",
      "         [0.0037, 0.0036, 0.0036, 0.0035, 0.0034, 0.0131]]])\n",
      "eigenvalues for times from tensor([0.0160]) to tensor([1]): tensor([-7.4089e-04, -1.0000e+00, -2.1147e+00, -4.4721e+00, -9.4574e+00,\n",
      "        -2.0000e+01])\n",
      "Gammas are tensor([[ 1.0000,  2.1147,  4.4721,  9.4574, 20.0000]])\n",
      "Transition kernel of ktT is tensor([[[1.0073, 0.6235, 0.4048, 0.2081, 0.0920, 0.0367],\n",
      "         [0.6235, 0.4166, 0.2912, 0.1667, 0.0809, 0.0340],\n",
      "         [0.4048, 0.2912, 0.2175, 0.1364, 0.0718, 0.0317],\n",
      "         [0.2081, 0.1667, 0.1364, 0.0969, 0.0574, 0.0276],\n",
      "         [0.0920, 0.0809, 0.0718, 0.0574, 0.0391, 0.0212],\n",
      "         [0.0367, 0.0340, 0.0317, 0.0276, 0.0212, 0.0132]]])\n",
      "eigenvalues for times from 0 to tensor([1]): tensor([-7.4089e-04, -1.0000e+00, -2.1147e+00, -4.4721e+00, -9.4574e+00,\n",
      "        -2.0000e+01])\n",
      "Transition kernel of k0T is tensor([[[1.0237, 0.6396, 0.4208, 0.2237, 0.1070, 0.0506],\n",
      "         [0.6396, 0.4323, 0.3068, 0.1820, 0.0956, 0.0476],\n",
      "         [0.4208, 0.3068, 0.2330, 0.1516, 0.0864, 0.0452],\n",
      "         [0.2237, 0.1820, 0.1516, 0.1118, 0.0718, 0.0409],\n",
      "         [0.1070, 0.0956, 0.0864, 0.0718, 0.0529, 0.0339],\n",
